/*--------------------------------*- C++ -*----------------------------------*\ 
  =========                 |
  \\      /  F ield         | OpenFOAM: The Open Source CFD Toolbox
   \\    /   O peration     | Website:  https://openfoam.org
    \\  /    A nd           | Version:  7
     \\/     M anipulation  |
-------------------------------------------------------------------------------
Description
    Writes out values of fields from cells nearest to specified locations.
 
\*---------------------------------------------------------------------------*/
 
#includeEtc "caseDicts/postProcessing/probes/probes.cfg"
writeControl    runTime;
writeInterval    2e-4;
 
fields (p U);
probeLocations
( 
    (-0.03 0 0.0)
    (-0.03 0 0.002)
    (-0.03 0 0.004)
    (-0.03 0 0.006)
    (-0.03 0 0.008)
    (-0.03 0 0.01)
    (-0.03 0 0.012)
    (-0.03 0 0.014)
    (-0.027999999999999997 0 0.0)
    (-0.027999999999999997 0 0.002)
    (-0.027999999999999997 0 0.004)
    (-0.027999999999999997 0 0.006)
    (-0.027999999999999997 0 0.008)
    (-0.027999999999999997 0 0.01)
    (-0.027999999999999997 0 0.012)
    (-0.027999999999999997 0 0.014)
    (-0.026 0 0.0)
    (-0.026 0 0.002)
    (-0.026 0 0.004)
    (-0.026 0 0.006)
    (-0.026 0 0.008)
    (-0.026 0 0.01)
    (-0.026 0 0.012)
    (-0.026 0 0.014)
    (-0.024 0 0.0)
    (-0.024 0 0.002)
    (-0.024 0 0.004)
    (-0.024 0 0.006)
    (-0.024 0 0.008)
    (-0.024 0 0.01)
    (-0.024 0 0.012)
    (-0.024 0 0.014)
    (-0.022 0 0.0)
    (-0.022 0 0.002)
    (-0.022 0 0.004)
    (-0.022 0 0.006)
    (-0.022 0 0.008)
    (-0.022 0 0.01)
    (-0.022 0 0.012)
    (-0.022 0 0.014)
    (-0.019999999999999997 0 0.0)
    (-0.019999999999999997 0 0.002)
    (-0.019999999999999997 0 0.004)
    (-0.019999999999999997 0 0.006)
    (-0.019999999999999997 0 0.008)
    (-0.019999999999999997 0 0.01)
    (-0.019999999999999997 0 0.012)
    (-0.019999999999999997 0 0.014)
    (-0.018 0 0.0)
    (-0.018 0 0.002)
    (-0.018 0 0.004)
    (-0.018 0 0.006)
    (-0.018 0 0.008)
    (-0.018 0 0.01)
    (-0.018 0 0.012)
    (-0.018 0 0.014)
    (-0.016 0 0.0)
    (-0.016 0 0.002)
    (-0.016 0 0.004)
    (-0.016 0 0.006)
    (-0.016 0 0.008)
    (-0.016 0 0.01)
    (-0.016 0 0.012)
    (-0.016 0 0.014)
    (-0.013999999999999999 0 0.0)
    (-0.013999999999999999 0 0.002)
    (-0.013999999999999999 0 0.004)
    (-0.013999999999999999 0 0.006)
    (-0.013999999999999999 0 0.008)
    (-0.013999999999999999 0 0.01)
    (-0.013999999999999999 0 0.012)
    (-0.013999999999999999 0 0.014)
    (-0.011999999999999997 0 0.0)
    (-0.011999999999999997 0 0.002)
    (-0.011999999999999997 0 0.004)
    (-0.011999999999999997 0 0.006)
    (-0.011999999999999997 0 0.008)
    (-0.011999999999999997 0 0.01)
    (-0.011999999999999997 0 0.012)
    (-0.011999999999999997 0 0.014)
    (-0.009999999999999998 0 0.0)
    (-0.009999999999999998 0 0.002)
    (-0.009999999999999998 0 0.004)
    (-0.009999999999999998 0 0.006)
    (-0.009999999999999998 0 0.008)
    (-0.009999999999999998 0 0.01)
    (-0.009999999999999998 0 0.012)
    (-0.009999999999999998 0 0.014)
    (-0.008 0 0.0)
    (-0.008 0 0.002)
    (-0.008 0 0.004)
    (-0.008 0 0.006)
    (-0.008 0 0.008)
    (-0.008 0 0.01)
    (-0.008 0 0.012)
    (-0.008 0 0.014)
    (-0.005999999999999998 0 0.0)
    (-0.005999999999999998 0 0.002)
    (-0.005999999999999998 0 0.004)
    (-0.005999999999999998 0 0.006)
    (-0.005999999999999998 0 0.008)
    (-0.005999999999999998 0 0.01)
    (-0.005999999999999998 0 0.012)
    (-0.005999999999999998 0 0.014)
    (-0.003999999999999997 0 0.0)
    (-0.003999999999999997 0 0.002)
    (-0.003999999999999997 0 0.004)
    (-0.003999999999999997 0 0.006)
    (-0.003999999999999997 0 0.008)
    (-0.003999999999999997 0 0.01)
    (-0.003999999999999997 0 0.012)
    (-0.003999999999999997 0 0.014)
    (-0.0019999999999999983 0 0.0)
    (-0.0019999999999999983 0 0.002)
    (-0.0019999999999999983 0 0.004)
    (-0.0019999999999999983 0 0.006)
    (-0.0019999999999999983 0 0.008)
    (-0.0019999999999999983 0 0.01)
    (-0.0019999999999999983 0 0.012)
    (-0.0019999999999999983 0 0.014)
    (0.0 0 0.0)
    (0.0 0 0.002)
    (0.0 0 0.004)
    (0.0 0 0.006)
    (0.0 0 0.008)
    (0.0 0 0.01)
    (0.0 0 0.012)
    (0.0 0 0.014)
    (0.002 0.0006358983848622455 0.0)
    (0.002 0.0006358983848622455 0.002)
    (0.002 0.0006358983848622455 0.004)
    (0.002 0.0006358983848622455 0.006)
    (0.002 0.0006358983848622455 0.008)
    (0.002 0.0006358983848622455 0.01)
    (0.002 0.0006358983848622455 0.012)
    (0.002 0.0006358983848622455 0.014)
    (0.004 0.0011717967697244909 0.0)
    (0.004 0.0011717967697244909 0.002)
    (0.004 0.0011717967697244909 0.004)
    (0.004 0.0011717967697244909 0.006)
    (0.004 0.0011717967697244909 0.008)
    (0.004 0.0011717967697244909 0.01)
    (0.004 0.0011717967697244909 0.012)
    (0.004 0.0011717967697244909 0.014)
    (0.006 0.0017076951545867362 0.0)
    (0.006 0.0017076951545867362 0.002)
    (0.006 0.0017076951545867362 0.004)
    (0.006 0.0017076951545867362 0.006)
    (0.006 0.0017076951545867362 0.008)
    (0.006 0.0017076951545867362 0.01)
    (0.006 0.0017076951545867362 0.012)
    (0.006 0.0017076951545867362 0.014)
    (0.008 0.0022435935394489815 0.0)
    (0.008 0.0022435935394489815 0.002)
    (0.008 0.0022435935394489815 0.004)
    (0.008 0.0022435935394489815 0.006)
    (0.008 0.0022435935394489815 0.008)
    (0.008 0.0022435935394489815 0.01)
    (0.008 0.0022435935394489815 0.012)
    (0.008 0.0022435935394489815 0.014)
    (0.01 0.0027794919243112268 0.0)
    (0.01 0.0027794919243112268 0.002)
    (0.01 0.0027794919243112268 0.004)
    (0.01 0.0027794919243112268 0.006)
    (0.01 0.0027794919243112268 0.008)
    (0.01 0.0027794919243112268 0.01)
    (0.01 0.0027794919243112268 0.012)
    (0.01 0.0027794919243112268 0.014)
);
 
// ************************************************************************* //
